docid	beqid	valuel	values	valued	value	totalvalued	note
1	1	0	0	0	none given	0	all goods divided into 2 equal parts
1	2	0	0	0	none given		
1	3	0	6	8	6s 8d	80	
1	4	0	40	0	40s	480	
1	5	0	40	0	40s	480	
1	6	0	20	0	20s	240	
1	7	0	40	0	40s	480	
1	8	0	40	0	40s	480	
1	9	13	6	8	£13 6s 8d	3200	
1	10	0	0	0	none given		
1	11	0	0	0	40s x?	0	not explicitly a conditional bequest, but presumably is
1	12	0	40	0	40s	480	
1	13	0	0	0	none given		
1	14	0	0	0	none given		
1	15	0	40	0	40s	480	
2	16	0	0	0	none given		
2	17	0	0	0	none given		
2	18	0	0	0	none given		
2	19	4	0	0	£4	960	
2	20	0	80	0	40s x 2	960	
3	21	0	0	0	None given	0	
3	22	0	0	0	None given	0	
3	23	0	40	0	40s	480	
3	24	0	0	0	None given	0	
4	25	0	0	0	none given		
4	26	5	0	0	£5	1200	
4	27	5	0	0	£5	1200	
4	28	5	0	0	£5	1200	
4	29	5	0	0	£5	1200	
4	30	0	0	0	none given		
4	31	0	0	0	none given		
4	32	0	40	0	40s	480	
5	33	0	0	0	none given		
5	34	0	20	0	20s	240	
5	35	0	0	0	none given		
5	36	5	0	0	none given, but at least £5	1200	at least £5
6	37	0	0	0	none given		
6	38	6	13	4	£6 13s 4d	1600	
11	39	0	3	4	3s 4d	40	
11	40	0	0	0	none given		
11	41	20	0	0	£20	4800	
11	42	0	0	0	none given	0	
11	43	0	0	0	£3 6s 8d x?	0	
11	44	0	0	0	£3 6s 8d x?	0	
11	45	0	0	0	none given	0	
11	46	0	0	0	£3 6s 8d x?	0	
11	47	5	0	0	£5	1200	
11	48	0	0	0	40s x?	0	
11	49	0	0	0	none given		
11	50	0	0	0	none given		
11	51	0	0	0	none given		
11	52	0	0	0	none given	0	
11	53	0	0	0	none given	0	
11	54	0	20	0	20s	240	
11	55	0	53	4	53s 4d	640	
11	56	0	0	0	none given	0	
11	57	5	0	0	£5	1200	
11	58	0	0	0	none given	0	
11	59	0	0	0	none given	0	
11	60	0	0	0	none given	0	amount is left blank
11	61	0	0	0	none given	0	
12	62	0	0	0	none given	0	
12	63	25	0	0	£25	6000	
12	64	0	40	0	40s	480	
12	65	0	0	0	none given	0	
12	66	0	0	0	none given	0	
12	67	10	0	0	£10	2400	
12	68	0	0	0	40s x?	0	
12	69	40	0	0	£40	9600	
12	70	0	0	0	none given	0	
12	71	8	0	0	£8	1920	
12	72	0	0	0	none given	0	
12	73	0	0	0	none given		
12	74	0	40	0	40s	480	
12	75	0	14	0	14s	168	
12	76	2	13	4	4 marks	640	
12	77	0	0	0	40s x?	0	
12	78	0	0	0	none given	0	
12	79	0	0	0	3s 4d x?	0	
12	80	0	20	0	20s	240	
12	81	10	0	0	£10	2400	
12	82	0	0	0	none given	0	
13	83	0	0	0	none given	0	
13	84	180	0	0	£60 x3	43200	see beqid86
13	85	10	0	0	£10	2400	
13	86	180	0	0		43200	see beqid84
13	87	40	0	0	£40	9600	
13	88	5	0	0	£5	1200	
13	89	0	30	0	30s	360	
13	90	0	0	0	20s x?	0	
13	91	0	13	4	13s 4d	160	
13	92	0	0	0	none given	0	
13	93	13	6	8	£6 13s 4d x2	3200	
13	94	5	0	0	£5	1200	
13	95	0	36	8	30s and 6s 8d	440	
13	96	0	20	0	202	240	
13	97	0	10	0	10s	120	
14	98	0	0	0	none given	0	
14	99	0	0	0	none given	0	
14	100	0	0	0	none given	0	
14	101	0	0	0	none given	0	
15	102	100	0	0	maximum of £100	24000	
15	103	0	0	0	none given	0	
15	104	0	0	0	none given	0	
15	105	0	0	0	none given	0	
15	106	0	0	0	none given	0	
15	107	0	0	0	none given	0	
15	108	200	0	0	£200	48000	
15	109	0	0	0	none given	0	
15	110	30	0	0	£30	7200	
15	111	20	0	0	£10 x2	4800	
15	112	0	0	0	none given	0	
15	113	30	0	0	£30	7200	
15	114	30	0	0	£10 x3	7200	
15	115	0	0	0	none given	0	
15	116	0	0	0	none given	0	
15	117	5	0	0	£5	1200	
15	118	3	6	8	5 marks	800	
15	119	3	6	8	5 marks	800	
15	120	0	0	0	none given	0	
16	121	5	0	0	£5	1200	
16	122	5	0	0	£5	1200	
16	123	0	0	0	none given	0	
16	124	150	0	0	rated at £150	36000	
16	125	200	0	0	£200	48000	
16	126	8	0	0	£8 pa	1920	
16	127	66	13	4	£66 13s 4d	16000	
16	128	66	13	4	£66 13s 4d	16000	
16	129	120	0	0	£20 x6	28800	
16	130	100	0	0	£100	24000	
16	131	110	0	0	£110	26400	
16	132	400	0	0	£400	96000	
16	133	200	0	0	£200	48000	
16	134	10	0	0	£10	2400	
16	135	50	0	0	£50	12000	
16	136	66	13	4	£66 13s 4d	16000	
16	137	40	0	0	£40	9600	
16	138	60	0	0	£60	14400	
16	139	80	0	0	£80	19200	
16	140	20	0	0	£20	4800	
16	141	15	0	0	£15	3600	
16	142	66	13	4	£66 13s 4d	16000	
16	143	5	0	0	£5	1200	
16	144	10	0	0	£10	2400	
16	145	16	0	0	£4 x4	3840	
16	146	33	6	8	£33 6s 8d	8000	
16	147	5	0	0	£5	1200	
16	148	0	20	0	20s	240	
16	149	0	20	0	20s	240	
16	150	10	0	0	£10	2400	
16	151	0	40	0	40s	480	
16	152	0	40	0	402	480	
16	153	0	40	0	40s	480	
16	154	10	0	0	£5 X2	2400	
16	155	60	0	0	£60	14400	
16	156	150	0	0	£150	36000	
16	157	10	0	0	£10	2400	
16	158	10	0	0	£10	2400	
16	159	0	0	0	20 x?	0	
16	160	0	40	0	40s	480	
16	161	20	0	0	£20	4800	
16	162	0	20	0	20s	240	
16	163	6	13	4	£6 13s 4d	1600	
16	164	8	0	0	£8	1920	
16	165	2	0	0	£2	480	
16	166	2	0	0	£2	480	bequest in margin
16	167	0	40	0	402	480	
16	168	0	40	0	40s	480	
16	169	1	13	4	£1 13s 4d	400	
16	170	0	40	0	40s	480	
16	171	75	0	0	£75	18000	
16	172	0	0	0	none given	0	
16	173	0	0	0	none given	0	
16	174	0	0	0	none given	0	
16	175	0	0	0	none given	0	
16	176	0	0	0	none given	0	
16	177	0	0	0	none given	0	
16	178	0	0	0	none given	0	
16	179	0	0	0	none given	0	
16	180	0	0	0	none given	0	
16	181	0	0	0	none given	0	
16	182	0	0	0	none given	0	
16	183	0	0	0	none given	0	
16	184	0	0	0	none given	0	
16	185	0	0	0	none given	0	
16	186	0	0	0	none given	0	
16	187	0	0	0	none given	0	
16	188	0	0	0	none given	0	
16	189	0	0	0	none given	0	
16	190	0	0	0	none given	0	
16	191	0	0	0	none given	0	
17	192	0	0	0	none given	0	
17	193	0	0	0	none given	0	
17	194	1500	0	0	£1500	360000	
17	195	500	0	0	£500	120000	
17	196	500	0	0	£500	120000	
17	197	0	0	0	none given	0	
17	198	75	0	0	£5 + £20 + £20 + £30	18000	
17	199	10	0	0	£10	2400	
17	200	5	0	0	£5	1200	
17	201	5	0	0	£5	1200	
17	202	5	0	0	£5	1200	
17	203	20	0	0	£5 x4	4800	
17	204	15	0	0	£5 x3	3600	
17	205	0	0	0	£5 x?	0	
17	206	10	0	0	£10	2400	
17	207	5	0	0	£5	1200	
17	208	500	0	0	£500	120000	
17	209	0	0	0	none given	0	
17	210	0	0	0	none given	0	
17	211	0	0	0	none given	0	
17	212	0	0	0	none given	0	
17	213	0	0	0	none given	0	
17	214	0	0	0	none given	0	
17	215	0	0	0	none given	0	
18	216	50	0	0	£50	12000	
18	217	0	0	0	none given	0	
18	218	0	0	0	none given	0	
18	219	0	10	0	10s	120	
18	220	0	0	0	none given	0	
18	221	0	20	0	20s	240	
18	222	6	10	0	£6 10s	1560	
18	223	0	0	0	none given	0	
18	224	0	0	0	none given	0	
18	225	0	20	0	20s	240	
18	226	0	0	0	none given	0	
18	227	0	0	0	none given	0	
18	228	0	0	0	none given	0	
18	229	0	0	0	none given	0	
18	230	0	0	0	none given	0	
18	231	0	0	0	various pensions and annuities	0	
18	232	0	0	0	none given	0	
18	233	0	0	0	none given	0	
18	234	0	0	0	various annuities	0	
18	235	0	0	0	£4 annuity	0	
18	236	0	0	0	20s +? X 5	0	
18	237	0	0	0	10s pa	0	
20	238	0	20	0	20s	240	
20	239	2	0	0	6s 8d x6	480	
20	240	0	40	0	40s	480	
20	241	0	0	0	none given	0	
20	242	0	0	0	200 marks plus lots prop	0	
20	243	11	0	0	£11 (or as much as it may)	2640	
20	244	0	0	0	none given	0	
20	245	0	0	0	none given	0	
20	246	200	0	0	£200	48000	
20	247	3	6	8	5 marks	800	
20	248	0	0	0	none given	0	
20	249	0	0	0	none given	0	
20	250	0	0	0	none given	0	
20	251	0	0	0	none given	0	
20	252	0	0	0	none given	0	
20	253	0	0	0	none given	0	
20	254	0	0	0	none given	0	
20	255	0	0	0	none given	0	
20	256	0	20	0	20s	240	
20	257	0	6	8	6s 8d	80	
20	258	0	0	0	6s 8d per yard	0	
20	259	0	0	0	6s 8d per yard	0	
20	260	0	0	0	5s per yard	0	
20	261	0	0	0	none given	0	
20	262	0	0	0	40s + black gown worth 6s 8d per yard x2	0	
20	263	0	0	0	40s + black gown worth 6s 8d per yard	0	
21	264	0	0	0	none given	0	
21	265	0	0	0	none given	0	
21	266	0	0	0	none given	0	
21	267	0	10	0	10s	120	
21	268	0	10	0	5s x2	120	
21	269	6	0	0	£6	1440	
21	270	0	0	0	8d x?	0	
21	271	0	0	0	12d x?	0	
21	272	0	0	0	none given	0	
21	273	40	0	0	£40	9600	
21	274	20	0	0	£20	4800	
21	275	10	0	0	£10	2400	
21	276	0	0	0	none given	0	
21	277	20	0	0	£10 x 2	4800	
21	278	5	0	0	£5	1200	
21	279	5	0	0	£5	1200	
21	280	0	0	0	20s +?	0	
21	281	0	0	0	none given	0	
21	282	0	20	0	20s	240	
21	283	0	40	0	40s	480	
21	284	0	0	0	20s +?	0	
21	285	0	12	0	12s	144	
21	286	5	0	0	£5	1200	
21	287	0	0	0	none given	0	
21	288	0	0	0	none given	0	
21	289	0	0	0	none given	0	
21	290	0	0	0	none given	0	
21	291	12	0	0	£12	2880	
21	292	6	13	4	£3 6s 8d x2	1600	
22	293	0	0	0	none given	0	
22	294	0	0	0	none given	0	
22	295	5	0	0	£5	1200	
22	296	0	0	0	none given	0	
22	297	4	0	0	£4	960	
22	298	5	0	0	£5	1200	
22	299	0	40	0	40s	480	
22	300	6	6	8	£3 3s 4d (sic) x2	1520	
22	301	0	0	0	none given	0	
22	302	0	40	0	40s	480	
22	303	0	40	0	40s	480	
22	304	0	0	0	40s +?	0	
22	305	0	40	0	40s	480	
22	306	3	0	0	£3	720	
22	307	0	40	0	40s	480	
22	308	0	0	0	none given	0	
22	309	0	0	0	none given	0	
22	310	0	40	0	40s	480	
22	311	0	40	0	40s	480	
22	312	0	0	0	none given	0	
22	313	0	0	0	none given	0	
22	314	0	0	0	none given	0	
22	315	0	0	0	£5 +? X4	0	
22	316	0	0	0	none given	0	
23	317	0	0	0	£5 +?	0	
23	318	0	0	0	none given	0	
23	319	0	0	0	£10 +?	0	
23	320	0	0	0	£5 +?	0	
23	321	5	0	0	£5	1200	
23	322	0	0	0	£5 +?	0	
23	323	0	0	0	none given	0	
23	324	5	0	0	£5	1200	
23	325	0	0	0	£20 +?	0	
23	326	0	0	0	40s +?	0	
23	327	6	13	4	£3 6s 8d x2	1600	
23	328	5	0	0	£5	1200	
23	329	0	0	0	40s +?	0	
23	330	40	0	0	£40	9600	
23	331	30	0	0	£30	7200	
23	332	30	0	0	£30	7200	
23	333	0	0	0	none given	0	
23	334	0	0	0	40s x?	0	
23	335	0	40	0	40s	480	
23	336	0	20	0	20s	240	
23	337	0	20	0	20s	240	
23	338	0	20	0	20s	240	
23	339	0	80	0	40s x2	960	
23	340	0	40	0	40s	480	
23	341	0	40	0	40s	480	
23	342	0	40	0	40s	480	
23	343	0	0	0	40s +?	0	
23	344	0	0	0	20s +?	0	
23	345	0	0	0	10s x?	0	
23	346	0	0	0	none given	0	
23	347	0	0	0	none given	0	
23	348	0	0	0	none given	0	
23	349	0	0	0	none given	0	
24	350	0	0	0	none given	0	
24	351	0	0	0	£40 +?	0	
24	352	10	0	0	£10	2400	
24	353	40	0	0	£40	9600	
24	354	13	6	8	£3 6s 8d x4	3200	
24	355	16	13	4	£3 6s 8d x5	4000	
24	356	0	40	0	40s	480	
24	357	7	0	0	£7	1680	
24	358	14	0	0	£14	3360	
24	359	0	0	0	none given	0	
24	360	4	0	0	£4	960	
24	361	0	40	0	40s	480	
24	362	0	40	0	20s + 20s	480	
24	363	3	6	8	£3 6s 8d	800	
24	364	3	6	8	£3 6s 8d	800	
24	365	3	6	8	£3 6s 8d	800	
24	366	10	0	0	£10	2400	
24	367	0	0	0	none given	0	
24	368	5	0	0	£5	1200	
25	369	0	0	0	none given		
25	370	3	6	8	£3 6s 8d	800	
25	371	0	0	0	none given	0	
25	372	6	13	4	£6 13s 4d	1600	
25	373	6	13	4	£6 13s 4d	1600	
25	374	6	13	4	£6 13s 4d	1600	
25	375	53	6	8	£6 13s 4d x 8	12800	
25	376	3	0	0	£3	720	
25	377	0	94	0	30s + 20s + 44s	1128	
25	378	0	0	0	none given		
25	379	150	0	0	£150	36000	
25	380	0	0	0	none given		
25	381	0	0	0	none given		
25	382	0	0	0	none given		
25	383	0	0	0	none given		
25	384	0	0	0	none given		
25	385	0	0	0	none given		
25	386	0	0	0	none given		
25	387	0	0	0	none given		
25	388	6	0	0	40s x 3	1440	
25	389	3	6	8	£3 6s 8d	800	
25	390	0	0	0	none given		
25	391	0	6	8	6s 8d	80	
25	392	0	0	0	6s 8d + ?	0	
25	393	0	20	0	20s	240	
25	394	0	30	0	30s	360	
25	395	0	20	0	20s	240	
25	396	0	40	0	40s	480	
25	397	0	30	0	30s	360	
25	398	0	40	0	40s	480	
25	399	0	0	0	40s x?	0	
25	400	0	12	0	12s	144	
25	401	0	6	8	6s 8d	80	
25	402	3	6	8	£3 6s 8d	800	
25	403	0	0	0	none given		
25	404	0	0	0	£20 x2  + ?		
25	405	6	13	4	£6 13s 4d	1600	
25	406	0	0	0	none given	0	
26	407	0	5	0	5s	60	
26	408	0	6	8	6s 8d	80	
26	409	0	5	0	5s	60	
26	410	0	20	0	20s	240	
26	411	0	20	0	20s	240	
26	412	0	40	0	40s	480	
26	413	10	0	0	£10	2400	
26	414	50	0	0	£50	12000	
26	415	50	0	0	£50	12000	
26	416	10	0	0	£10	2400	
26	417	16	0	0	£16	3840	
26	418	0	0	0	£5 + ?		
26	419	4	0	0	£4	960	
26	420	3	0	0	£3	720	
26	421	10	0	0	£10	2400	
26	422	0	0	0	20s x?	0	
26	423	5	0	0	£5	1200	
26	424	5	0	0	£5	1200	
26	425	3	0	0	£3	720	
26	426	5	0	0	£5	1200	
26	427	0	40	0	40s	480	
26	428	0	40	0	40s	480	
26	429	4	0	0	£4	960	
26	430	0	40	0	40s	480	
26	431	0	0	0	none given		
26	432	0	40	0	40s	480	
26	433	0	0	0	40s +?	0	
26	434	0	0	0	none given		
26	435	0	0	0	none given		
26	436	0	0	0	none given		
26	437	0	0	0	none given		
26	438	0	0	0	none given		
26	439	0	0	0	£20 + ?		
26	440	0	16	8	10s + 6s 8d	200	
26	441	0	10	0	10s	120	
26	442	0	0	0	none given		
26	443	0	0	0	none given		
26	444	6	13	4	£6 13s 4d	1600	
26	445	0	0	0	£5 +?	0	
26	446	0	0	0	none given		
26	447	0	0	0	£20 + £10 + £10 +?	0	
26	448	40	0	0	£40	9600	
26	449	6	13	4	£6 13s 4d	1600	
27	450	0	0	0	none given		
27	451	0	0	0	none given		
27	452	0	0	0	£400 x 5 +?		
27	453	0	0	0	none given		
27	454	0	0	0	none given		
27	455	0	0	0	none given		
27	456	0	0	0	none given		
27	457	0	0	0			
27	458	0	0	0			
27	459	16	0	0	£16	3840	
27	460	5	0	0	£5	1200	
27	461	5	0	0	£5	1200	
27	462	5	0	0	£5	1200	
27	463	3	0	0	£3	720	
27	464	5	0	0	£5	1200	
27	465	5	0	0	£5	1200	
27	466	0	40	0	40s	480	
27	467	10	0	0	£10	2400	
27	468	10	0	0	£10	2400	
27	469	20	0	0	£20	4800	
27	470	10	0	0	£10	2400	
27	471	0	240	0	40s x 6	2880	
27	472	5	0	0	£5	1200	
27	473	0	40	0	40s	480	
27	474	3	0	0	£3	720	
27	475	0	80	0	40s x 2	960	
27	476	0	40	0	40s	480	
27	477	0	0	0	40s +?	0	
27	478	0	0	0	40s x2 +?	0	
27	479	0	0	0	40s +?	0	
27	480	10	0	0	£10	2400	
27	481	0	0	0	10s per yard x?	0	
27	482	0	0	0	£8 +?	0	
27	483	0	0	0	none given	0	
27	484	0	0	0	none given	0	
27	485	0	0	0	none given	0	
27	486	0	0	0	none given	0	
27	487	100	0	0	20 marks or £100	24000	
27	488	0	0	0	none given	0	
27	489	0	40	0	40s	480	
27	490	0	0	0	none given	0	
27	491	0	0	0	none given	0	
27	492	0	0	0	none given	0	
27	493	13	6	8	£6 13s 4d x2	3200	
27	494	0	0	0	none given	0	
28	495	0	0	0	£1500 + £1000 + ?	0	
28	496	0	0	0	none given	0	
28	497	0	0	0	none given	0	
28	498	13	6	8	20 marks	3200	
28	499	10	0	0	£10	2400	
28	500	10	0	0	£10	2400	
28	501	6	13	4	£6 13s 4d	1600	
28	502	6	13	4	£6 13s 4d	1600	
28	503	13	6	8	£6 13s 4d x2	3200	
28	504	20	0	0	£6 13s 4d x3	4800	
28	505	10	0	0	£5 x2	2400	
28	506	5	0	0	£5	1200	
28	507	5	0	0	£5	1200	
28	508	6	13	4	£6 13s 4d	1600	
28	509	100	0	0	£100	24000	
28	510	6	6	8	£5 + 13s 4d x2	1520	
28	511	0	400	0		4800	20s x 20
28	512	21	6	8	£20 + 26s 8d	5120	
28	513	0	200	0	10s x 20	2400	
28	514	0	25	0	25s	300	
28	515	80	0	0	£80	19200	
28	516	0	0	0	£5 x?	0	
28	517	0	0	0	6s 8d x?	0	
28	518	32	13	4	46s 8d x 14	7840	
28	519	0	0	0	none given	0	
28	520	150	0	0	£150	36000	
28	521	13	6	8	20 marks	3200	
28	522	13	6	8	20 marks	3200	
28	523	0	0	0	none given	0	
28	524	30	0	0	£10 x 3	7200	
28	525	0	0	0	none given	0	
28	526	0	0	0	none given	0	
28	527	0	0	0	none given	0	
28	528	0	0	0	none given	0	
29	529	0	0	0	none given	0	
29	530	0	0	0	none given	0	
29	531	0	0	0	none given	0	
29	532	200	0	0	£200	48000	
29	533	0	0	0	none given	0	
29	534	20	0	0	£20	4800	
29	535	5	0	0	£5	1200	
29	536	5	0	0	£5	1200	
29	537	26	13	4	£26 13s 4d	6400	
29	538	200	0	0	£200	48000	
29	539	0	0	0	£20 + ?	0	
29	540	0	20	0	20s	240	
29	541	0	0	0	20s x ?	0	
29	542	30	0	0	£10 + £20	7200	
29	543	20	0	0	£6 13s 4d x3	4800	
29	544	6	0	0	£6	1440	
30	545	0	3	4	3s 4d	40	
30	546	16	0	0	£4 x 4	3840	
30	547	0	20	0	20s	240	
30	548	5	0	0	20s x 5	1200	
30	549	4	0	0	20s x 4	960	
30	550	0	40	0	40s	480	
30	551	0	0	0	£20 + £5pa for life	0	
30	552	0	0	0	40s +?	0	
30	553	0	0	0	40s +?	0	
30	554	3	0	0	£3	720	
30	555	10	0	0	£10	2400	
30	556	0	40	0	40s	480	
30	557	0	0	0	none given	0	
30	558	40	0	0	£40	9600	
30	559	0	40	0	40s	480	
30	560	0	0	0	40s + ?	0	
30	561	66	13	4	9 marks x 5	16000	
30	562	0	0	0	none given	0	
30	563	10	0	0	£5 x 2	2400	
30	564	0	0	0	none given	0	
30	565	0	0	0	£20 + ?	0	
30	566	0	0	0	none given	0	
30	567	0	0	0	£10 + ?	0	
30	568	0	0	0	£5 + ?	0	
30	569	0	0	0	£3 + ?	0	
30	570	10	0	0	£10	2400	
30	571	0	0	0	none given	0	
30	572	0	0	0	£5 x?	0	
30	573	0	0	0	approx £160	0	
30	574	0	0	0	none given	0	
30	575	88	0	0	£88	21120	
30	576	0	0	0	40s + ?	0	
30	577	0	0	0	40s +?	0	
30	578	0	0	0	none given	0	
30	579	0	0	0	none given	0	
30	580	5	0	0	£5	1200	
30	581	0	0	0	none given	0	
31	582	110	0	0	£100 + £10	26400	
31	583	400	0	0	£100 x 4	96000	
31	584	0	40	0	40s	480	
31	585	100	0	0	£100	24000	
31	586	0	40	0	40s	480	
31	587	100	0	0	£100	24000	
31	588	0	80	0	40s x 2	960	
31	589	0	80	0	40s x 2	960	
31	590	50	0	0	£50	12000	
31	591	0	80	0	40s x 2	960	
31	592	10	40	0	£10 + 40s	2880	
31	593	0	260	0	20s x 13	3120	
31	594	5	0	0	£5	1200	
31	595	10	0	0	£10	2400	
31	596	5	0	0	£5	1200	
31	597	5	0	0	£5	1200	
31	598	0	160	0	40s x 4	1920	
31	599	10	0	0	£10	2400	
31	600	0	50	0	40s + 10s	600	
31	601	0	20	0	20s	240	
31	602	0	0	0	none given	0	
31	603	0	0	0	none given	0	
31	604	0	0	0	none given	0	
31	605	50	0	0	£50	12000	
31	606	0	0	0	none given	0	
31	607	50	0	0	£50	12000	
31	608	10	0	0	£10	2400	
31	609	0	0	0	£40 +?	0	
31	610	0	20	0	20s	240	
31	611	0	40	0	40s	480	
31	612	0	0	0	none given	0	
31	613	0	0	0	none given	0	
31	614	0	0	0	none given	0	
31	615	0	0	0	none given	0	
31	616	0	0	0	none given	0	
31	617	0	0	0	none given	0	
31	618	0	0	0	none given	0	
31	619	0	0	0	none given	0	
31	620	5	0	0	£5	1200	
33	621	0	0	0	none giving	0	
34	622	0	40	0	40s	480	
34	623	0	3	4	3s 4d	40	
34	624	0	40	0	40s	480	
34	625	0	40	0	40s	480	
34	626	0	0	0	none given	0	
34	627	0	40	0	40s	480	
34	628	0	0	0	none given	0	
34	629	0	0	0	none given	0	
34	630	10	0	0	£10	2400	
34	631	0	0	0	£6 13s 4d + ?	0	
34	632	60	0	0	£60	14400	
34	633	0	0	0	none given	0	
34	634	0	0	0	none given	0	
34	635	26	13	4	5 marks x 2 x 4	6400	
34	636	0	40	0	10s x 4	480	
34	637	3	6	8	£3 6s 8d	800	
34	638	0	0	0	none given	0	
34	639	0	20	0	20s	240	
34	640	0	0	0	none given	0	
34	641	13	6	8	£6 13s 4d x 2	3200	
34	642	6	13	4	£6 13s 4d	1600	
34	643	0	0	0	none given	0	
35	644	0	0	0	none given	0	
35	645	0	0	0	none given	0	
35	646	13	6	8	20 marks + ?	3200	
35	647	0	0	0	annuity of £50	0	
35	648	10	10	0	30s x 7	2520	
35	649	3	0	0	30s x 2	720	
35	650	0	10	0	5s x 2	120	
35	651	200	0	0	£200	48000	
35	652	125	0	0	£25 x 5	30000	
35	653	25	0	0	£25	6000	
35	654	3	0	0	30s x 2	720	
35	655	0	0	0	20 nobles	0	
35	656	0	0	0	30s x ?	0	
35	657	0	0	0	20 nobles	0	
35	658	3	0	0	30s x 2	720	
35	659	0	0	0	20 nobles x 2	0	
35	660	3	0	0	30s x 2	720	
35	661	0	0	0	20 nobles x 2	0	
35	662	3	0	0	30s x 2	720	
35	663	5	0	0	£5	1200	
35	664	13	6	8	20 marks	3200	
35	665	0	30	0	302	360	
35	666	0	0	0	30s x ?	0	
35	667	0	30	0	30s	360	
35	668	3	0	0	£3	720	
35	669	0	0	0	none given	0	
35	670	3	0	0	30s x 2	720	
35	671	0	30	0	30s	360	
35	672	3	0	0	30s x 2	720	
35	673	0	0	0	£10 + 20 nobles	0	
35	674	5	0	0	£5	1200	
35	675	4	0	0	£4	960	
35	676	0	0	0	£3 x ?	0	
35	677	0	40	0	40s	480	
35	678	0	20	0	20s	240	
35	679	0	20	0	20s	240	
35	680	5	0	0	£5	1200	
35	681	5	0	0	£5	1200	
35	682	0	0	0	none given	0	
35	683	100	0	0	£100	24000	
35	684	23	6	8	20 marks + £10	5600	
35	685	0	0	0	none given	0	
35	686	0	0	0	none given	0	
35	687	0	0	0	none given	0	
35	688	0	0	0	none given	0	
35	689	3	0	0	30s x 2	720	
35	690	0	0	0	none given	0	
35	692	3	0	0	£30	720	
35	693	0	40	0	40s	480	
35	694	0	40	0	40s	480	
35	695	50	0	0	£50	12000	
36	696	0	0	0	none given	0	
36	697	0	0	0	none given	0	
37	698	0	0	0	none given	0	
38	699	0	0	0	none given	0	
38	700	0	0	0	£20 + ?	0	
38	701	0	40	0	40s	480	
39	702	0	0	0	£50 x 4 + ?	0	
39	703	0	20	0	20s	240	
39	704	0	10	0	10s	120	
39	705	0	20	0	20s	240	
39	706	0	20	0	20s	240	
39	707	0	0	0	none given	0	
40	708	0	0	0	none given	0	
40	709	40	0	0	£40	9600	
40	710	30	0	0	£30	7200	
40	711	20	0	0	£10 x 2	4800	
40	712	20	0	0	£20	4800	
40	713	40	0	0	£40	9600	
40	714	20	0	0	£20	4800	
40	715	30	0	0	£30	7200	
40	716	40	0	0	£40	9600	
40	717	40	0	0	£40	9600	
40	718	10	0	0	£10	2400	
40	719	0	0	0	none given	0	
41	720	10	0	0	£10	2400	
41	721	0	40	0	40s	480	
41	722	30	0	0	£10 x 3	7200	
41	723	5	0	0	£5	1200	
41	724	5	0	0	£5	1200	
41	725	2	0	0	£2	480	
41	726	0	0	0	none given	0	
41	727	0	0	0	none given	0	
41	728	0	0	0	none given	0	
42	729	0	0	0	none given	0	
42	730	40	0	0	£40	9600	
42	731	3	0	0	20 x 3	720	
42	732	5	0	0	£5	1200	
42	733	5	0	0	£5	1200	
42	734	3	0	0	£3	720	
42	735	2	0	0	£2	480	
42	736	3	0	0	£3	720	
42	737	5	0	0	£5	1200	
42	738	0	0	0	none given	0	
42	739	0	0	0	messuage + annuity of £20	0	
43	740	0	0	0	none given	0	
43	741	5	0	0	£5	1200	
43	742	60	0	0	£60	14400	
43	743	0	20	0	20s	240	
43	744	20	0	0	£20	4800	
43	745	20	0	0	£20	4800	
43	746	0	0	0	none given	0	
43	747	0	0	0	none given	0	
43	748	0	0	0	none given	0	
43	749	0	6	8	6s 8d	80	
43	750	0	0	0	none given	0	
44	751	0	0	0	£30 pa + messuages and tenements	0	
44	752	10	0	0	£10	2400	
44	753	50	0	0	£50	12000	
44	754	0	0	0	none given	0	
45	755	0	5	0	5s	60	
45	756	0	5	0	5s	60	
45	757	100	0	0	£100	24000	
45	758	100	0	0	£100	24000	
45	759	10	0	0	£10	2400	
45	760	0	40	0	40s	480	
45	761	0	0	0	none given	0	
46	762	0	0	0	none given	0	
46	763	0	0	0	none given	0	
47	764	0	0	0	none given	0	
47	765	0	0	0	none given	0	
47	766	0	0	0	none given	0	
47	767	0	0	0	none given	0	
47	768	0	0	0	none given	0	
47	769	0	0	0	none given	0	
47	770	0	0	0	none given	0	
47	771	225	0	0	£150 + £75	54000	
47	772	0	0	0	£25 pa	0	
47	773	500	0	0	£500	120000	
47	774	0	0	0	£5 pa	0	
47	775	0	0	0	£5 pa	0	
47	776	10	0	0	£10	2400	
47	777	0	0	0	£5pa	0	
47	778	0	0	0	none given	0	
47	779	10	0	0	£10	2400	
47	780	40	0	0	£40	9600	
47	781	40	0	0	£20 x 2	9600	
47	782	0	0	0	none given	0	
48	783	0	0	0	none given	0	
48	784	0	0	0	none given	0	
48	785	300	0	0	£300	72000	
48	786	500	0	0	£400 + £100	120000	
48	787	200	0	0	£200	48000	
48	788	100	0	0	£100	24000	
48	789	100	0	0	£100	24000	
48	790	10	0	0	£10	2400	
48	791	5	0	0	£5	1200	
48	792	10	0	0	£10	2400	
48	793	20	0	0	£20	4800	
48	794	10	0	0	£10	2400	
48	795	100	0	0	£!00	24000	
48	796	50	0	0	£50	12000	
48	797	28	0	0	40s x 14	6720	
48	798	0	0	0	none given	0	
48	799	0	0	0	£20 = mourning x 2	0	
49	800	0	0	0	none given	0	
49	801	0	0	0	none given	0	
49	802	800	0	0	£800	192000	
49	803	560	0	0	£560	134400	
49	804	400	0	0	£400	96000	
49	805	0	0	0	none given	0	
49	806	600	0	0	£600	144000	
49	807	200	0	0	£50 x 4	48000	
49	808	0	0	0	£500 +? + £300	0	
49	809	0	0	0	£800 + ?	0	
49	810	100	0	0	£100	24000	
49	811	100	0	0	£100	24000	
49	812	10	0	0	£10	2400	
49	813	10	0	0	£10	2400	
49	814	0	0	0	£10 + ?	0	
49	815	50	0	0	50 x 20s	12000	
49	816	10	0	0	£10	2400	
49	817	10	0	0	£10	2400	
49	818	5	0	0	£5	1200	
49	819	10	0	0	£5 x 2	2400	
49	820	0	0	0	none given	0	
50	821	0	0	0	none given	0	
50	822	0	0	0	£20 pa	0	
50	823	0	0	0	£6 pa	0	
50	824	0	0	0	none given	0	
50	825	400	0	0	£400	96000	
50	826	0	0	0	none given	0	
50	827	0	0	0	none given	0	
50	828	10	0	0	£10	2400	
50	829	0	0	0	none given	0	
50	830	0	0	0	none given	0	
50	831	0	0	0	none given	0	
50	832	0	40	0	40s	480	
50	833	0	0	0	none given	0	
343	834	90	0	0	£30 x 3	21600	
343	835	40	0	0	£40	9600	
343	836	0	0	0	none given	0	
343	837	0	0	0	none given	0	
343	838	0	0	0	none given	0	
343	839	0	0	0	none given	0	
343	840	30	0	0	£15 x 2	7200	
343	841	10	0	0	£10	2400	
343	842	10	0	0	£5 x 2	2400	
343	843	10	0	0	£5 x 2	2400	
343	844	0	10	0	10s	120	
343	845	0	40	0	10s x 4	480	
343	846	20	0	0	£20	4800	
343	847	0	245	0	35 x 7s	2940	
343	848	0	42	0	7s x 6	504	
343	849	10	0	0	£5 x2	2400	
343	850	0	0	0	none given	0	
344	851	18	3	6	£18 3s 6d +?	4362	
344	852	0	70	0	20s x 2 + 10s x 3	840	
344	853	20	0	0	£15 + £5	4800	
344	854	5	80	0	£5 + 40s x2	2160	
344	855	0	40	0	10s x 2 + 20s	480	
344	856	0	0	0	none given	0	
345	857	0	0	0	none given	0	
346	858	0	0	0	6d x ?	0	
346	859	0	0	0	none given	0	
347	860	140	80	0	£100 +£15 + £15 + £5+  £5+ 40s+ +40s+?	34560	
348	861	20	0	0	£5 x 4	4800	
348	862	10	0	0	£10	2400	
348	863	5	0	0	£5	1200	
348	864	0	0	0	none given	0	
348	865	0	40	0	40s	480	
348	866	3	0	0	£3	720	
348	867	0	0	0	none given	0	
349	868	50	0	0	£50	12000	
349	869	2000	0	0	£2000 +?	480000	
354	870	0	0	0	none given	0	
354	871	360	0	0	£360 +?	86400	
354	872	0	21	0	a guinea of gold	252	
354	873	0	30	0	5s x 6	360	
354	874	0	5	0	5s	60	
354	875	0	20	0	4 x 5s	240	
354	876	5	0	0	£5	1200	
354	877	0	90	0	40s + 50s	1080	
354	878	0	31	0	guinea of gold + 10s	372	
354	879	5	0	0	£5	1200	
354	880	0	25	0	5 x 5s	300	
359	881	5	0	0	£5	1200	
359	882	80	0	0	£20 x 4	19200	
359	883	20	0	0	£20	4800	
359	884	20	0	0	£10 x2	4800	
359	885	100	0	0	£100	24000	
359	886	20	0	0	£20	4800	
359	887	400	0	0	£400 + interest on £400	96000	
359	888	40	0	0	about £20 + £5 x 4	9600	
359	889	0	0	0	none given	0	
362	890	10	0	0	£5 x 2	2400	
362	891	5	0	0	£5	1200	
362	892	0	0	0	none given	0	
362	893	0	0	0	none given	0	
362	894	0	0	0	none given	0	
362	895	0	0	0	none given	0	
362	896	0	0	0	none given	0	
362	897	100	0	0	£100	24000	
362	898	20	0	0	£20	4800	
362	899	20	0	0	£20	4800	
362	900	5	0	0	£5	1200	
362	901	80	0	0	£80	19200	
362	902	0	40	0	40s	480	
362	903	0	40	0	40s	480	
362	904	0	40	0	40s	480	
362	905	20	0	0	£20	4800	
362	906	5	0	0	£5	1200	
362	907	20	0	0	£20	4800	
362	908	10	0	0	£10	2400	
362	909	0	40	0	40s	480	
362	910	0	40	0	40s	480	
362	911	0	20	0	20s	240	
362	912	0	20	0	20s	240	
362	913	40	0	0	£40	9600	
362	914	5	0	0	£5	1200	
362	915	0	20	0	20s	240	
362	916	0	20	0	20s	240	
362	917	0	40	0	40s	480	
362	918	20	0	0	£20	4800	
362	919	0	0	0	none given	0	
362	920	0	40	0	40s	480	
362	921	10	0	0	£10	2400	
362	922	0	0	0	none given	0	
362	923	220	0	0	£220	52800	
