"CHESTER - Sales of Grain, malt and peas from the Dee Mills"																		
Source: PRO Class SC6 + Mss notes held by Victoria County History (Chester)																		
"WHEAT: London measure, struck bushel."																		
		Qtty sold			For:													
Yr fr Mich	Yr t Mich	Q_sold	b_sold	Dec-Qtr.	£	s	d	Dec-s/Qtr	S. per Qtr.	Note								
1376	1377																	
1377	1378																	
1378	1379	158	1	158.125	38	13	4.5	773.375	4.89									
1379	1380																	
1380	1381	171	4	171.5	74	9	2	1489.166667	8.68									#DIV/0!
1381	1382	140	7	140.875	66	16	11	1336.916667	9.49									#DIV/0!
1382	1383	167	5.5	167.6875	61	4	1	1224.083333	7.30									#DIV/0!
1383	1384	158	0	158	55	8	8	1108.666667	7.02									#DIV/0!
1384	1385	170	1	170.125	48	15	1	975.0833333	5.73									#DIV/0!
1385	1386	145	4	145.5	42	18	0.5	858.0416667	5.90									#DIV/0!
1386	1387	176	0	176	40	13	9	813.75	4.62	VCH notes								#DIV/0!
1387	1388	174	7	174.875	36	6	4.5	726.375	4.15									#DIV/0!
1388	1389									The account covers 18 months								
1389	1390	117	7	117.875	36	17	2	737.1666667	6.25	part-year - post-March								#DIV/0!
1390	1391	75	0.5	75.0625	31	3	11	623.9166667	8.31	part-year - post-March								#DIV/0!
1391	1392	10	0	10	2	13	4	53.33333333	5.33	"VCH notes. A/c for 18 days only, in February"								#DIV/0!
1392	1393									At farm - VCH notes								
1393	1394	228	1	228.125	54	19	9.5	1099.791667	4.82									#DIV/0!
1394	1395	187	0	187	39	9	3	789.25	4.22	Part year - Jan 6 - Mich								#DIV/0!
1395	1396	245	4	245.5	65	3	0	1303	5.31	VCH notes								#DIV/0!
1396	1397	188	2	188.25	75	3	2	1503.166667	7.98	VCH notes								#DIV/0!
1397	1398	207	0	207	80	10	10	1610.833333	7.78									#DIV/0!
1398	1399	146	5	146.625	57	3	4.5	1143.375	7.80	VCH notes								#DIV/0!
1399	1400	171	2	171.25	73	6	8	1466.666667	8.56	VCH notes								#DIV/0!
1400	1401	87	1	87.125	43	9	10	869.8333333	9.98	VCH notes								#DIV/0!
1401	1402	87	5.5	87.6875	50	6	8	1006.666667	11.48	VCH notes								#DIV/0!
1402	1403	106	7.5	106.9375	52	0	9	1040.75	9.73									#DIV/0!
1403	1404	173	5	173.625	56	1	9	1121.75	6.46									#DIV/0!
1404	1405	183	1	183.125	63	6	8	1266.666667	6.92									#DIV/0!
1405	1406	268	0	268	82	7	10	1647.833333	6.15									#DIV/0!
1406	1407	211	7	211.875	87	14	10	1754.833333	8.28									#DIV/0!
1407	1408	159	4.5	159.5625	64	9	10	1289.833333	8.08									#DIV/0!
1408	1409	184	3	184.375	75	13	5	1513.416667	8.21									#DIV/0!
1409	1410	124	2	124.25	61	4	3	1224.25	9.85									#DIV/0!
1410	1411	101	3.5	101.4375	46	11	11	931.9166667	9.19									#DIV/0!
1411	1412	120	6.5	120.8125	24	8	0	488	4.04									#DIV/0!
1412	1413	132	7	132.875	31	1	7	621.5833333	4.68									#DIV/0!
1413	1414	119	3.5	119.4375	34	18	10	698.8333333	5.85									#DIV/0!
1414	1415	151	5	151.625	33	17	5	677.4166667	4.47									#DIV/0!
1415	1416	102	5	102.625	44	18	9	898.75	8.76									#DIV/0!
1416	1417	109	5.5	109.6875	41	7	6	827.5	7.54									#DIV/0!
1417	1418	132	2	132.25	40	8	3	808.25	6.11									#DIV/0!
1418	1419	115	0	115	46	0	10.5	920.875	8.01									#DIV/0!
1419	1420	116	1.5	116.1875	42	11	6	851.5	7.33									#DIV/0!
1420	1421	118	7.5	118.9375	37	3	8.5	743.7083333	6.25									#DIV/0!
1421	1422	122	6.5	122.8125	42	4	3.5	844.2916667	6.87									#DIV/0!
1422	1423	114	7	114.875	49	1	3	981.25	8.54									#DIV/0!
1423	1424	113	7.5	113.9375	32	15	6.5	655.5416667	5.75									#DIV/0!
1424	1425	108	7.5	108.9375	42	0	7	840.5833333	7.72									#DIV/0!
1425	1426	134	4	134.5	38	12	2	772.1666667	5.74									#DIV/0!
1426	1427	145	3.5	145.4375	38	9	3	769.25	5.29									#DIV/0!
1427	1428									Combined sales. Wheat price cannot be calculated.								
1428	1429									Combined sales								
1429	1430									Combined sales								#DIV/0!
1430	1431									Combined sales								#DIV/0!
1431	1432									Combined sales								#DIV/0!
1432	1433																	
1433	1434																	
1434	1435																	
1435	1436																	
1436	1437																	
1437	1438																	
1438	1439																	
1439	1440																	
1440	1441																	
1441	1442																	
1442	1443																	
1443	1444																	
1444	1445																	
1445	1446																	
1446	1447																	
1447	1448																	
1448	1449																	
1449	1450																	
1450	1451																	
1451	1452																	
1452	1453																	
1453	1454																	
1454	1455																	
1455	1456																	
1456	1457																	
1457	1458																	
1458	1459																	
1459	1460																	
1460	1461																	
1461	1462									an a/c with sales exists for May 1461 - Sep 1462								
1462	1463	65	5.5	65.6875	17	0	4	340.3333333	5.18									#DIV/0!
1463	1464	73	3	73.375	18	4	0	364	4.96									#DIV/0!
1464	1465	127	0	127	45	8	5	908.4166667	7.15									#DIV/0!
1465	1466	111	6	111.75	40	11	4	811.3333333	7.26									#DIV/0!
1466	1467	111	3.5	111.4375	38	4	9	764.75	6.86									#DIV/0!
1467	1468	74	5.5	74.6875	33	19	11	679.9166667	9.10									#DIV/0!
1468	1469	86	7	86.875	34	17	5	697.4166667	8.03									#DIV/0!
1469	1470	64	2	64.25	37	8	8	748.6666667	11.65									#DIV/0!
1470	1471	25	5.5	25.6875	17	16	5	356.4166667	13.88									#DIV/0!
1471	1472			0														#DIV/0!
1472	1473	69	5.5	69.6875	22	1	10	441.8333333	6.34									#DIV/0!
1473	1474	70	5	70.625	21	13	0	433	6.13									#DIV/0!
1474	1475	87	7.5	87.9375	21	10	10	430.8333333	4.90									#DIV/0!
1475	1476	85	5.5	85.6875	29	10	10	590.8333333	6.90									#DIV/0!
1476	1477	80	4.5	80.5625	32	1	0	641	7.96									#DIV/0!
1477	1478	77	2	77.25	30	0	9	600.75	7.78									#DIV/0!
1478	1479	60	3	60.375	27	14	7	554.5833333	9.19									#DIV/0!
1479	1480	69	6.5	69.8125	19	15	10	395.8333333	5.67									#DIV/0!
1480	1481	80	2	80.25	23	4	9	464.75	5.79									#DIV/0!
1481	1482	81	0.5	81.0625	34	2	7.5	682.625	8.42									#DIV/0!
1482	1483	70	2	70.25	38	11	8	771.6666667	10.98									#DIV/0!
1483	1484			0														#DIV/0!
1484	1485	41	2	41.25	13	13	2	273.1666667	6.62									#DIV/0!
1485	1486	69	2.5	69.3125	20	6	1	406.0833333	5.86									#DIV/0!
1486	1487	39	0	39	20	18	2	418.1666667	10.72									#DIV/0!
1487	1488	45	0.875	45.109375	23	15	5	475.4166667	10.54									#DIV/0!
1488	1489	137	0	137	27	11	6	551.5	4.03									#DIV/0!
1489	1490	102	0	102	26	1	2.5	521.2083333	5.11									#DIV/0!
1490	1491	83	0	83	30	15	5	615.4166667	7.41									#DIV/0!
1491	1492	57	4.5	57.5625	21	19	1	439.0833333	7.63									#DIV/0!
1492	1493	33	1	33.125	17	3	7.5	343.625	10.37									#DIV/0!
1493	1494	39	5	39.625	14	5	2	285.1666667	7.20									#DIV/0!
1494	1495	54	5	54.625	15	2	7.5	302.625	5.54									#DIV/0!
1495	1496	47	3	47.375	15	1	10.5	301.875	6.37									#DIV/0!
1496	1497	40	0.5	40.0625	21	1	2	421.1666667	10.51									#DIV/0!
1497	1498	49	7	49.875	13	12	7.5	272.625	5.47									#DIV/0!
1498	1499	42	5	42.625	16	8	9.5	328.7916667	7.71									#DIV/0!
1499	1500	41	0.125	41.015625	17	16	2	356.1666667	8.68									#DIV/0!
1500	1501	43	1.5	43.1875	11	5	6.75	225.5625	5.22									#DIV/0!
1501	1502	42	1.5	42.1875	11	12		232	5.50									#DIV/0!
1502	1503	31	1.5	31.1875	10	7	11	207.9166667	6.67									#DIV/0!
																		
																		
																		
																		
																		
																		
																		
																		
